[general]
num_temps = 1
num_gpios = 3
unit_name=mm
spi_setup=
led_pin = 28
stop_pin = X
probe_pin = X
spiss_pin = X
bed_id = 255
fan_id = 255
spindle_id = 255
park_after_print = 1
sleep_after_print = 0
cool_after_print = 1
timeout = 600.000000
probe_dist = 25.000000
probe_safe_dist = 3.000000
temp_scale_min = 10.000000
temp_scale_max = 240.000000
max_deviation = 0.000000
max_v = 150.000000
[space 0]
type = 1
delta_angle = 0.000000
[delta 0 0]
rodlength = 250
radius = 126
axis_min = 0.000000
axis_max = inf
[delta 0 1]
rodlength = 250
radius = 126
axis_min = 0.000000
axis_max = inf
[delta 0 2]
rodlength = 250
radius = 126
axis_min = 0.000000
axis_max = inf
[axis 0 0]
name = x
park = 0.000000
park_order = 1.000000
min = -200.000000
max = 200.000000
[axis 0 1]
name = y
park = 100.000000
park_order = 1.000000
min = -200.000000
max = 200.000000
[axis 0 2]
name = z
park = 160.000000
park_order = 0.000000
min = 0.000000
max = 207.000000
[motor 0 0]
step_pin = 15
dir_pin = 21
enable_pin = -14
limit_min_pin = X18
limit_max_pin = 18
home_order = 0
steps_per_unit = 100
limit_v = 200.000000
limit_a = 4000.000000
home_pos = 230
[motor 0 1]
step_pin = 22
dir_pin = 23
enable_pin = -14
limit_min_pin = X19
limit_max_pin = 19
home_order = 0
steps_per_unit = 100
limit_v = 200.000000
limit_a = 4000.000000
home_pos = 230
[motor 0 2]
step_pin = 3
dir_pin = 2
enable_pin = -29
limit_min_pin = X20
limit_max_pin = 20
home_order = 0
steps_per_unit = 100
limit_v = 200.000000
limit_a = 4000.000000
home_pos = 230
[space 1]
num_axes = 1
[extruder 1 0]
dx = 0.000000
dy = 0.000000
dz = 0.000000
[axis 1 0]
name = e
[motor 1 0]
step_pin = 1
dir_pin = 0
enable_pin = -14
limit_min_pin = X
limit_max_pin = X
home_order = 0
steps_per_unit = 90
limit_v = 50.000000
limit_a = 10000.000000
[space 2]
num_axes = 0
[temp 0]
name = e
heater_pin = 13
fan_pin = 4
thermistor_pin = 39
fan_temp = 50
R0 = 10000.000000
R1 = inf
Rc = 100000
Tc = 20
beta = 4285
fan_duty = 1
heater_limit = -10
fan_limit = nan
[gpio 0]
name = u
pin = 18
reset = 2
duty = 1
[gpio 1]
name = v
pin = 19
reset = 2
duty = 1
[gpio 2]
name = w
pin = 20
reset = 2
duty = 1
