[general]
num_spaces = 2
num_temps = 3
num_gpios = 12
unit_name=mm
spi_setup=04,87;05,87;03,aa;00,30;01,30
led_pin = 13
probe_pin = X
spiss_pin = -38
bed_id = 2
fan_id = 0
spindle_id = 255
park_after_print = 1
sleep_after_print = 1
cool_after_print = 1
probe_dist = 5.000000
probe_safe_dist = 2.000000
timeout = 600.000000
temp_scale_min = 0.000000
temp_scale_max = 250.000000
[space 0]
name = Position
type = 0
max_deviation = 0.000000
max_v = 250.000000
num_axes = 3
[axis 0 0]
name = X
park = -90.000000
park_order = 0.000000
min = -90.000000
max = 90.000000
[axis 0 1]
name = Y
park = nan
park_order = 0.000000
min = -90.000000
max = 90.000000
[axis 0 2]
name = Z
park = nan
park_order = 0.000000
min = 0.000000
max = 80.000000
[motor 0 0]
name = X
step_pin = 37
dir_pin = -48
enable_pin = -29
limit_min_pin = 12
limit_max_pin = X24
sense_pin = X
max_steps = 16
home_order = 0
steps_per_unit = 50.250000
home_pos = -90.000000
limit_v = 100.000000
limit_a = 10000.000000
[motor 0 1]
name = Y
step_pin = 36
dir_pin = 49
enable_pin = -28
limit_min_pin = 11
limit_max_pin = X23
sense_pin = X
max_steps = 16
home_order = 0
steps_per_unit = 50.250000
home_pos = -90.000000
limit_v = 100.000000
limit_a = 10000.000000
[motor 0 2]
name = Z
step_pin = 35
dir_pin = -47
enable_pin = -27
limit_min_pin = 10
limit_max_pin = X30
sense_pin = X
max_steps = 16
home_order = 0
steps_per_unit = 756.000000
home_pos = 0.000000
limit_v = 5.000000
limit_a = 10000.000000
[space 1]
name = Space 1
type = 0
max_deviation = 0.000000
max_v = 50.000000
num_axes = 2
[axis 1 0]
name = E0
park = nan
park_order = 0.000000
min = -inf
max = inf
[axis 1 1]
name = E1
park = nan
park_order = 0.000000
min = -inf
max = inf
[motor 1 0]
name = E0
step_pin = 34
dir_pin = 43
enable_pin = -26
limit_min_pin = X
limit_max_pin = X
sense_pin = X
max_steps = 16
home_order = 0
steps_per_unit = 408.000000
home_pos = 0.000000
limit_v = 30.000000
limit_a = 1000.000000
[motor 1 1]
name = E1
step_pin = X33
dir_pin = X42
enable_pin = X-25
limit_min_pin = X
limit_max_pin = X
sense_pin = X
max_steps = 16
home_order = 0
steps_per_unit = 408.000000
home_pos = 0.000000
limit_v = 30.000000
limit_a = 1000.000000
[temp 0]
name = E0
heater_pin = 9
fan_pin = X
thermistor_pin = 0
fan_temp = nan
R0 = 4700.000000
R1 = inf
Rc = 100000.000000
Tc = 20.000000
beta = 3885.000000
fan_duty = 1.000000
[temp 1]
name = E1
heater_pin = 7
fan_pin = X
thermistor_pin = 1
fan_temp = nan
R0 = 4700.000000
R1 = inf
Rc = 100000.000000
Tc = 20.000000
beta = 3885.000000
fan_duty = 1.000000
[temp 2]
name = Bed
heater_pin = 3
fan_pin = X
thermistor_pin = 2
fan_temp = nan
R0 = 4700.000000
R1 = inf
Rc = 100000.000000
Tc = 20.000000
beta = 3885.000000
fan_duty = 1.000000
[gpio 0]
name = Fan
pin = 8
reset = 0
duty = 1
[gpio 1]
name = X MS1
pin = 40
reset = 1
duty = 1
[gpio 2]
name = X MS2
pin = 41
reset = 1
duty = 1
[gpio 3]
name = Y MS1
pin = 69
reset = 1
duty = 1
[gpio 4]
name = Y MS2
pin = 39
reset = 1
duty = 1
[gpio 5]
name = Z MS 1
pin = 68
reset = 1
duty = 1
[gpio 6]
name = Z MS2
pin = 67
reset = 1
duty = 1
[gpio 7]
name = E0 MS1
pin = 65
reset = 1
duty = 1
[gpio 8]
name = E0 MS2
pin = 66
reset = 1
duty = 1
[gpio 9]
name = E1 MS1
pin = 63
reset = 1
duty = 1
[gpio 10]
name = E1 MS2
pin = 64
reset = 1
duty = 1
[gpio 11]
name = Power
pin = -4
reset = 1
duty = 1
